EP, 20, 2026100412,   , BEST,   0, 118N,  915W,  15,    0, DB,   0,    ,    0,    0,    0,    0,    0,    0,   0,   0,   0,   E,   0,    ,   0,   0, GENESIS030,  ,  0,    ,    0,    0,    0,    0, genesis-num, 030, 
EP, 20, 2026100418,   , BEST,   0, 119N,  926W,  15,    0, DB,   0,    ,    0,    0,    0,    0,    0,    0,   0,   0,   0,   E,   0,    ,   0,   0, GENESIS030,  ,  0,    ,    0,    0,    0,    0, genesis-num, 030, 
EP, 20, 2026100500,   , BEST,   0, 120N,  938W,  15,    0, DB,   0,    ,    0,    0,    0,    0,    0,    0,   0,   0,   0,   E,   0,    ,   0,   0, GENESIS030,  ,  0,    ,    0,    0,    0,    0, genesis-num, 030, 
EP, 20, 2026100506,   , BEST,   0, 120N,  949W,  15,    0, DB,   0,    ,    0,    0,    0,    0,    0,    0,   0,   0,   0,   E,   0,    ,   0,   0, GENESIS030,  ,  0,    ,    0,    0,    0,    0, genesis-num, 030, 
EP, 20, 2026100512,   , BEST,   0, 122N,  958W,  25, 1009, DB,   0,    ,    0,    0,    0,    0, 1011,  150,  90,   0,   0,   E,   0,    ,   0,   0,     INVEST, S,  0,    ,    0,    0,    0,    0, genesis-num, 030, SPAWNINVEST, ep732026 to ep922026, 
EP, 20, 2026100518,   , BEST,   0, 124N,  964W,  25, 1009, DB,   0,    ,    0,    0,    0,    0, 1011,  150,  90,   0,   0,   E,   0,    ,   0,   0,     INVEST, S,  0,    ,    0,    0,    0,    0, genesis-num, 030, 
EP, 20, 2026100600,   , BEST,   0, 124N,  970W,  25, 1009, DB,   0,    ,    0,    0,    0,    0, 1011,  150,  90,   0,   0,   E,   0,    ,   0,   0,     INVEST, S,  0,    ,    0,    0,    0,    0, genesis-num, 030, 
EP, 20, 2026100606,   , BEST,   0, 126N,  977W,  25, 1009, DB,   0,    ,    0,    0,    0,    0, 1011,  150,  90,   0,   0,   E,   0,    ,   0,   0,     INVEST, S,  0,    ,    0,    0,    0,    0, genesis-num, 030, 
EP, 20, 2026100612,   , BEST,   0, 128N,  982W,  25, 1008, DB,   0,    ,    0,    0,    0,    0, 1010,  180,  90,   0,   0,   E,   0,    ,   0,   0,     INVEST, S,  0,    ,    0,    0,    0,    0, genesis-num, 030, 
EP, 20, 2026100618,   , BEST,   0, 130N,  987W,  25, 1007, DB,   0,    ,    0,    0,    0,    0, 1010,  180,  90,   0,   0,   E,   0,    ,   0,   0,     INVEST, S,  0,    ,    0,    0,    0,    0, genesis-num, 030, 
EP, 20, 2026100700,   , BEST,   0, 139N,  994W,  25, 1006, DB,   0,    ,    0,    0,    0,    0, 1009,  180,  90,  35,   0,   E,   0,    ,   0,   0,     INVEST, S,  0,    ,    0,    0,    0,    0, genesis-num, 030, 
EP, 20, 2026100706,   , BEST,   0, 145N, 1000W,  25, 1006, DB,   0,    ,    0,    0,    0,    0, 1009,  180,  90,  35,   0,   E,   0,    ,   0,   0,     INVEST, S,  0,    ,    0,    0,    0,    0, genesis-num, 030, 
EP, 20, 2026100712,   , BEST,   0, 149N, 1006W,  30, 1006, TD,   0,    ,    0,    0,    0,    0, 1008,  180,  60,  35,   0,   E,   0,    ,   0,   0,     TWENTY, S,  0,    ,    0,    0,    0,    0, genesis-num, 030, TRANSITIONED, epC22026 to ep202026, 
EP, 20, 2026100718,   , BEST,   0, 152N, 1013W,  35, 1004, TS,  34, NEQ,   60,    0,    0,    0, 1008,  180,  50,  45,   0,   E,   0,    ,   0,   0,      SIMON, S,  0,    ,    0,    0,    0,    0, genesis-num, 030, 
EP, 20, 2026100800,   , BEST,   0, 153N, 1021W,  40, 1002, TS,  34, NEQ,   40,    0,    0,   30, 1008,  180,  40,  50,   0,   E,   0,    ,   0,   0,      SIMON, M, 12, NEQ,   60,    0,    0,    0, genesis-num, 030, 
EP, 20, 2026100806,   , BEST,   0, 154N, 1027W,  45, 1000, TS,  34, NEQ,   40,    0,    0,   30, 1008,  180,  40,  55,   0,   E,   0,    ,   0,   0,      SIMON, M, 12, NEQ,   60,    0,    0,    0, genesis-num, 030, 
EP, 20, 2026100812,   , BEST,   0, 154N, 1031W,  55,  995, TS,  34, NEQ,   60,   40,   30,   50, 1008,  180,  30,  65,   0,   E,   0,    ,   0,   0,      SIMON, M, 12, NEQ,   60,    0,    0,    0, genesis-num, 030, 
EP, 20, 2026100812,   , BEST,   0, 154N, 1031W,  55,  995, TS,  50, NEQ,   30,    0,    0,    0, 1008,  180,  30,  65,   0,   E,   0,    ,   0,   0,      SIMON, M, 12, NEQ,   60,    0,    0,    0, genesis-num, 030, 
EP, 20, 2026100818,   , BEST,   0, 156N, 1037W,  60,  992, TS,  34, NEQ,   60,   40,   30,   50, 1008,  180,  20,  75,   0,   E,   0,    ,   0,   0,      SIMON, M, 12, NEQ,   60,    0,    0,   30, genesis-num, 030, 
EP, 20, 2026100818,   , BEST,   0, 156N, 1037W,  60,  992, TS,  50, NEQ,   30,    0,    0,   30, 1008,  180,  20,  75,   0,   E,   0,    ,   0,   0,      SIMON, M, 12, NEQ,   60,    0,    0,   30, genesis-num, 030, 
